id : 11557000631206
lat: -38.663266666666665 
lon: -72.48525

id: 353536090983855
lat: -38.792861531790784 
lon: -72.61902294662956

id: 353536090900701
lat: -38.77169818971203 
lon: -72.61786156117881


metodo punto medio

funcion=-0.006*(64.2*y)**(1/2)/y**2
w=8
t=0
Max=600
h=200
i= 0



