id : 11557000631206
lat: -38.663266666666665 
lon: -72.48525

id: 353536090983855
lat: -38.792861531790784 
lon: -72.61902294662956

id: 353536090900701
lat: -38.77169818971203 
lon: -72.61786156117881